Se realiza proceso por cantidad en posiciones y comprobación con el key imagen de cuadro por cantidades archivo PDF

3	1	9			73162890	ok
6	8	0			73162890	ok
1	8	0			73162890	ok
6	9	0			73162890	ok
1	2	9			73162890	ok
6	2	0			73162890	ok
7	6	2			73162890	ok
6	8	9			73162890	ok
7	6	2			73162890	ok
3	1	8			73162890	ok
3	6	8			73162890	ok
7	1	0			73162890	ok
7	2	0			73162890	ok
7	1	0			73162890	ok
6	2	9			73162890	ok
1	6	8			73162890	ok
1	6	0			73162890	ok
6	8	9			73162890	ok
7	1	6			73162890	ok
7	3	1			73162890	ok
7	3	6			73162890	ok
7	2	9			73162890	ok
3	1	6			73162890	ok
7	2	9			73162890	ok
7	2	9			73162890	ok
7	1	0			73162890	ok
7	6	9			73162890	ok
2	9	0			73162890	ok
7	1	9			73162890	ok
6	8	0			73162890	ok
3	1	8			73162890	ok
3	8	9			73162890	ok
1	6	2			73162890	ok
2	8	9			73162890	ok
1	6	2			73162890	ok
7	1	8			73162890	ok
7	2	9			73162890	ok
3	1	9			73162890	ok
7	9	0			73162890	ok
6	8	0			73162890	ok
8	9	0			73162890	ok
3	6	2			73162890	ok
3	1	9			73162890	ok
7	6	0			73162890	ok
3	1	6			73162890	ok
7	2	9			73162890	ok
3	8	0			73162890	ok
3	1	9			73162890	ok
7	2	8			73162890	ok
7	1	6			73162890	ok
